4.90013666328e-07 -4.57829117693e-07 1.59435940107e-05
0.0137602703494 -0.00753169066755 0.999876956728
0 0 0
0 0 0
0.0137602703494 -0.00753169066755 0.999876956728

3.07908569997e-07 -3.80440670208e-07 3.14313016376e-06
-0.0212021345178 0.0146832444557 0.999667380594
0.000539957874642 -0.999539735395 -0.0303319272801
0.9999 -0.0098 0.0102
0 0 0

0.0010 -0.0015 -0.0044
-0.0389487221864 0.0141892812159 0.999140461266
-0.0443681997318 -0.998814128351 -0.0200449459645
0.9988 -0.0367 0.0327
0 0 0

5.37675962348e-07 8.3800785869e-07 -6.37897989519e-06
0.000602761027526 0.0177738447747 0.999841851055
0 0 0
0 0 0
0.000602761027526 0.0177738447747 0.999841851055

-6.52155669027e-08 3.43892334813e-08 -1.4140288241e-06
0.927066988346 -0.374741385372 0.0107560777303
0.345723641687 0.937887768225 0.0290120284043
0 0 0
0 0 0

-3.85537067125e-07 1.19006202558e-07 -5.74709894499e-06
0.00292547271222 0.011225749866 0.999932709811
0 0 0
0 0 0
0.00292547271222 0.011225749866 0.999932709811

-3.067222082e-07 5.43624544833e-07 -2.44274183089e-06
0.482627964366 -0.875720664615 0.0135486374762
-0.875075148182 -0.482178033671 -0.0418070434294
-0.0710870950055 0.0570869329655 0.995835180644
0 0 0

-0.0014 0.0006 -0.0036
-0.9714 -0.2374 -0.0012
0.2323 -0.9726 -0.0078
0.0079 -0.0204 0.9998
0 0 0

-0.0023 -0.0007 -0.0079
0.0115 -0.0003 0.9999
-0.999186218486 -0.0309715101042 0.0258392405111
0.0536813963389 -0.998557447538 0.00115397330355
0 0 0

0 0 0
0.1909 -0.0585 0.9799
0 0 0
0 0 0
0 0 0

-2.2834014859e-07 6.06201171796e-07 8.28210830612e-06
0.7020 -0.7121 0.0034
0 0 0
0 0 0
0 0 0

-0.0049 0.0025 0.0133
-0.0006 1.0000 -0.0009
0 0 0
0 0 0
0 0 0

-3.44304318961e-07 9.92668208292e-07 3.84461330669e-07
0 0 0
0 0 0
0 0 0
-0.00267978246717 -0.0305773250201 0.999528811971

3.99053940559e-07 1.61249713408e-08 5.05584801897e-07
-0.0489 -0.9988 -0.0005
0 0 0
0 0 0
0 0 0

-0.0091 -0.0209 0.0021
0.0170 0.0228 0.9996
0 0 0
0 0 0
0 0 0

6.47978607322e-07 -6.01714311853e-07 -1.34797402993e-06
0.00564244483353 0.0272817491594 0.999611859163
-0.977399203488 0.210463577571 0.0198967217409
-0.206814596863 -0.977498588974 0.0415238615472
0 0 0

6.10360865462e-09 -2.74742504175e-07 3.12806134138e-07
0.0589 -0.0226 0.9980
0 0 0
0 0 0
0 0 0

1.47776794433e-06 -2.51960754561e-07 3.20648193355e-07
0 0 0
0 0 0
0 0 0
-0.0241914594464 0.999678187504 -0.00763509775561

-5.2766947696e-07 1.24197916983e-07 -6.30908327747e-08
-0.976305757488 -0.197213119723 0.0890733029844
0.109762504922 -0.0300169615083 0.993504491452
0 0 0
0 0 0

-3.0933561193e-07 3.36306344729e-07 -3.97541734151e-08
0.0612121162293 -0.998099056719 -0.00716587766397
-0.0014 -0.0567 0.9984
0 0 0
0 0 0

1.79677736831e-06 4.3993042047e-07 7.43768739271e-07
-0.0100167932922 -0.999236943091 -0.0377517604026
-0.999667143657 0.0253577638161 0.00475244224441
0 0 0
0 0 0
